0075314
0062622
3614516
3394420
3824458
0045693
5536610
0816692
10850598
0102587
0086879
0249241
2882328
1233381
6966692
1659337
0269743
1202517
0047478
3170832
7401588
8228288
8267604
0251355
0052561
0195231
0758758
0057012
0112471
7282468
0246578
2758880
0114329
0283431
1832382
0842926
0460791
1560220
0325710
4635372
8101850
5186714
0053472
10370116
0137523
0060196
8075192
6380520
5022702
8772262
0103074
5715874
0120382
1856010
4508902
0103767
6155172
0817177
6304162
4082068
0085913
0046912
0052357
0082096
0405094
0301357
0101700
0112682
1266583
1392214
2278388
5651844
5290382
0367279
0487831
5071412
3148266
1439629
1582350
4168956
1740299
4635276
6315640
0482571
6167894
0054073
0109424
0072890
0335266
0338013
2267998
6214928
3281548
0844471
1985966
1596345
3890160
5867800
1649431
0945513
1049413
7529770
2575988
4158110
4477976
4955642
4061080
0790724
7236034
6472976
1528854
5657846
2591814
2140203
4272866
2245084
4633694
3901826
0095327
0327597
3072482
1670345
0083987
0499549
1216496
7286456
1839494
9426210
1856101
0059348
0059417
0059578
1261047
1620933
5912064
1759761
0049470
4972582
7919680
0790636
5311514
4276820
0353969
0443706
0119698
